At (0, 0):
(3,0.059) 
At (1, 0):
(3,0.077) (0,0.0) 
At (2, 0):
(3,0.111) (0,0.0) 
At (3, 0):
(3,0.167) (0,0.0) 
At (4, 0):
(3,0.333) (0,0.0) 
At (0, 1):
(3,0.083) (0,0.0) 
At (1, 1):
(3,0.111) (0,0.0) 
At (2, 1):
(3,0.167) (0,0.0) 
At (3, 1):
(3,0.25) (0,0.0) 
At (4, 1):
(3,0.5) (0,0.0) 
At (0, 2):
(3,0.143) (0,0.0) 
At (1, 2):
(3,0.2) (0,0.0) 
At (2, 2):
(3,0.333) (0,0.0) 
At (3, 2):
(3,0.5) (0,0.0) 
At (4, 2):
(3,1.0) (0,0.0) 
At (0, 3):
(3,0.5) (0,0.0) 
At (1, 3):
(3,1.0) (0,0.0) 
Time: 0.10414552688598633
