At (0, 0):
(1,0.2) (2,0.125) (3,0.111) (1,0.1) 
At (1, 0):
(1,0.5) (2,0.25) (2,0.2) (2,0.143) (0,0.0) 
At (2, 0):
(1,1.0) (2,0.5) (1,0.333) (1,0.25) (1,0.2) (0,0.0) 
At (3, 0):
(1,1.0) (2,0.5) (1,0.333) (0,0.0) 
At (4, 0):
(3,1.0) (0,0.0) 
At (0, 1):
(2,0.333) (1,0.25) (3,0.2) (1,0.167) (0,0.0) 
At (1, 1):
(1,1.0) (2,0.5) (3,0.333) (0,0.0) 
At (2, 1):
(2,1.0) (1,0.5) (0,0.0) 
At (3, 1):
(1,1.0) (0,0.0) 
At (0, 2):
(1,1.0) (2,0.5) (3,0.333) (0,0.0) 
At (1, 2):
(4,1.0) (0,0.0) 
At (0, 3):
(4,1.0) (0,0.0) 
Time: 2.6746439933776855
