At (0, 0):
(2,0.05) 
At (1, 0):
(2,0.062) (0,0.0) 
At (2, 0):
(2,0.083) (0,0.0) 
At (3, 0):
(2,0.125) (0,0.0) 
At (4, 0):
(2,0.25) (0,0.0) 
At (0, 1):
(2,0.067) (0,0.0) 
At (1, 1):
(2,0.083) (0,0.0) 
At (2, 1):
(2,0.111) (0,0.0) 
At (3, 1):
(2,0.167) (0,0.0) 
At (4, 1):
(2,0.333) (0,0.0) 
At (0, 2):
(2,0.1) (0,0.0) 
At (1, 2):
(2,0.125) (0,0.0) 
At (2, 2):
(2,0.167) (0,0.0) 
At (3, 2):
(2,0.25) (0,0.0) 
At (4, 2):
(2,0.5) (0,0.0) 
At (0, 3):
(2,0.2) (0,0.0) 
At (1, 3):
(2,0.25) (0,0.0) 
At (2, 3):
(2,0.333) (0,0.0) 
At (3, 3):
(2,0.5) (0,0.0) 
At (4, 3):
(2,1.0) (0,0.0) 
Time: 0.11568832397460938
