At (0, 0):
(2,0.091) (2,0.069) (2,0.067) 
At (1, 0):
(1,0.167) (1,0.143) (2,0.105) (1,0.1) (1,0.091) (0,0.0) 
At (2, 0):
(1,0.5) (1,0.25) (3,0.167) (1,0.125) (0,0.0) 
At (3, 0):
(2,0.333) (2,0.25) (1,0.167) (0,0.0) 
At (4, 0):
(4,0.5) (1,0.25) (0,0.0) 
At (5, 0):
(4,1.0) (1,0.5) (0,0.0) 
At (0, 1):
(1,0.2) (1,0.125) (2,0.118) (2,0.111) (0,0.0) 
At (1, 1):
(1,0.5) (1,0.25) (2,0.222) (1,0.2) (1,0.167) (0,0.0) 
At (2, 1):
(1,1.0) (3,0.5) (1,0.25) (0,0.0) 
At (3, 1):
(2,1.0) (1,0.333) (0,0.0) 
At (4, 1):
(1,0.5) (0,0.0) 
At (5, 1):
(1,1.0) (0,0.0) 
At (0, 2):
(1,0.333) (1,0.25) (2,0.222) (2,0.2) (0,0.0) 
At (1, 2):
(2,1.0) (4,0.5) (0,0.0) 
At (2, 2):
(1,1.0) (0,0.0) 
At (0, 3):
(1,1.0) (3,0.5) (2,0.333) (0,0.0) 
At (1, 3):
(3,1.0) (0,0.0) 
At (0, 4):
(4,1.0) (0,0.0) 
Time: 21.59443235397339
