At (0, 0):
(1,0.034) (1,0.033) 
At (1, 0):
(1,0.042) (1,0.04) (0,0.0) 
At (2, 0):
(1,0.053) (1,0.05) (0,0.0) 
At (3, 0):
(1,0.071) (1,0.067) (0,0.0) 
At (4, 0):
(1,0.111) (1,0.1) (0,0.0) 
At (5, 0):
(1,0.25) (1,0.2) (0,0.0) 
At (0, 1):
(1,0.043) (1,0.042) (0,0.0) 
At (1, 1):
(1,0.053) (1,0.05) (0,0.0) 
At (2, 1):
(1,0.067) (1,0.062) (0,0.0) 
At (3, 1):
(1,0.091) (1,0.083) (0,0.0) 
At (4, 1):
(1,0.143) (1,0.125) (0,0.0) 
At (5, 1):
(1,0.333) (1,0.25) (0,0.0) 
At (0, 2):
(1,0.059) (1,0.056) (0,0.0) 
At (1, 2):
(1,0.071) (1,0.067) (0,0.0) 
At (2, 2):
(1,0.091) (1,0.083) (0,0.0) 
At (3, 2):
(1,0.125) (1,0.111) (0,0.0) 
At (4, 2):
(1,0.2) (1,0.167) (0,0.0) 
At (5, 2):
(1,0.5) (1,0.333) (0,0.0) 
At (0, 3):
(1,0.091) (1,0.083) (0,0.0) 
At (1, 3):
(1,0.111) (1,0.1) (0,0.0) 
At (2, 3):
(1,0.143) (1,0.125) (0,0.0) 
At (3, 3):
(1,0.2) (1,0.167) (0,0.0) 
At (4, 3):
(1,0.333) (1,0.25) (0,0.0) 
At (5, 3):
(1,1.0) (1,0.5) (0,0.0) 
At (0, 4):
(1,0.2) (1,0.167) (0,0.0) 
At (1, 4):
(1,0.25) (1,0.2) (0,0.0) 
At (2, 4):
(1,0.333) (1,0.25) (0,0.0) 
At (3, 4):
(1,0.5) (1,0.333) (0,0.0) 
At (4, 4):
(1,1.0) (1,0.5) (0,0.0) 
At (5, 4):
(1,1.0) (0,0.0) 
Time: 78.80563068389893
