At (0, 0):
(2,0.059) (1,0.056) 
At (1, 0):
(2,0.077) (1,0.071) (0,0.0) 
At (2, 0):
(2,0.111) (1,0.1) (0,0.0) 
At (3, 0):
(3,0.167) (0,0.0) 
At (4, 0):
(3,0.333) (0,0.0) 
At (0, 1):
(2,0.083) (1,0.077) (0,0.0) 
At (1, 1):
(2,0.111) (1,0.1) (0,0.0) 
At (2, 1):
(2,0.167) (1,0.143) (0,0.0) 
At (3, 1):
(3,0.25) (0,0.0) 
At (4, 1):
(3,0.5) (0,0.0) 
At (0, 2):
(2,0.143) (1,0.125) (0,0.0) 
At (1, 2):
(2,0.2) (1,0.167) (0,0.0) 
At (2, 2):
(2,0.333) (1,0.25) (0,0.0) 
At (3, 2):
(3,0.5) (0,0.0) 
At (4, 2):
(3,1.0) (0,0.0) 
At (0, 3):
(2,0.5) (1,0.333) (0,0.0) 
At (1, 3):
(2,1.0) (1,0.5) (0,0.0) 
At (2, 3):
(1,1.0) (0,0.0) 
Time: 17.303759336471558
