At (0, 0):
(1,0.111) (1,0.091) (1,0.083) 
At (1, 0):
(1,0.167) (1,0.125) (1,0.111) (0,0.0) 
At (2, 0):
(1,0.25) (1,0.2) (1,0.167) (0,0.0) 
At (3, 0):
(2,0.5) (1,0.333) (0,0.0) 
At (0, 1):
(1,0.2) (1,0.143) (1,0.125) (0,0.0) 
At (1, 1):
(1,0.333) (1,0.2) (1,0.167) (0,0.0) 
At (2, 1):
(1,0.5) (1,0.333) (1,0.25) (0,0.0) 
At (3, 1):
(2,1.0) (1,0.5) (0,0.0) 
At (0, 2):
(1,1.0) (1,0.333) (1,0.25) (0,0.0) 
At (1, 2):
(1,0.5) (1,0.333) (0,0.0) 
At (2, 2):
(1,1.0) (1,0.5) (0,0.0) 
At (3, 2):
(1,1.0) (0,0.0) 
Time: 1.0792419910430908
