At (0, 0):
(2,0.038) (1,0.037) 
At (1, 0):
(2,0.048) (1,0.045) (0,0.0) 
At (2, 0):
(2,0.062) (1,0.059) (0,0.0) 
At (3, 0):
(3,0.083) (0,0.0) 
At (4, 0):
(3,0.125) (0,0.0) 
At (5, 0):
(3,0.25) (0,0.0) 
At (0, 1):
(2,0.05) (1,0.048) (0,0.0) 
At (1, 1):
(2,0.062) (1,0.059) (0,0.0) 
At (2, 1):
(2,0.083) (1,0.077) (0,0.0) 
At (3, 1):
(3,0.111) (0,0.0) 
At (4, 1):
(3,0.167) (0,0.0) 
At (5, 1):
(3,0.333) (0,0.0) 
At (0, 2):
(2,0.071) (1,0.067) (0,0.0) 
At (1, 2):
(2,0.091) (1,0.083) (0,0.0) 
At (2, 2):
(2,0.125) (1,0.111) (0,0.0) 
At (3, 2):
(3,0.167) (0,0.0) 
At (4, 2):
(3,0.25) (0,0.0) 
At (5, 2):
(3,0.5) (0,0.0) 
At (0, 3):
(2,0.125) (1,0.111) (0,0.0) 
At (1, 3):
(2,0.167) (1,0.143) (0,0.0) 
At (2, 3):
(2,0.25) (1,0.2) (0,0.0) 
At (3, 3):
(3,0.333) (0,0.0) 
At (4, 3):
(3,0.5) (0,0.0) 
At (5, 3):
(3,1.0) (0,0.0) 
At (0, 4):
(2,0.5) (1,0.333) (0,0.0) 
At (1, 4):
(2,1.0) (1,0.5) (0,0.0) 
At (2, 4):
(1,1.0) (0,0.0) 
Time: 177.28448939323425
