At (0, 0):
(1,0.059) (1,0.05) (3,0.048) 
At (1, 0):
(1,0.083) (2,0.062) (2,0.059) (0,0.0) 
At (2, 0):
(1,0.125) (2,0.083) (2,0.077) (0,0.0) 
At (3, 0):
(1,0.167) (4,0.111) (0,0.0) 
At (4, 0):
(1,0.25) (4,0.167) (0,0.0) 
At (5, 0):
(1,0.5) (4,0.333) (0,0.0) 
At (0, 1):
(1,0.091) (1,0.071) (3,0.067) (0,0.0) 
At (1, 1):
(1,0.143) (2,0.091) (2,0.083) (0,0.0) 
At (2, 1):
(1,0.25) (2,0.125) (2,0.111) (0,0.0) 
At (3, 1):
(1,0.333) (4,0.167) (0,0.0) 
At (4, 1):
(1,0.5) (4,0.25) (0,0.0) 
At (5, 1):
(1,1.0) (4,0.5) (0,0.0) 
At (0, 2):
(1,0.2) (1,0.125) (3,0.111) (0,0.0) 
At (1, 2):
(1,0.5) (2,0.167) (2,0.143) (0,0.0) 
At (2, 2):
(2,0.25) (2,0.2) (0,0.0) 
At (3, 2):
(4,0.333) (0,0.0) 
At (4, 2):
(4,0.5) (0,0.0) 
At (5, 2):
(4,1.0) (0,0.0) 
At (0, 3):
(1,0.5) (4,0.333) (0,0.0) 
At (1, 3):
(3,1.0) (2,0.5) (0,0.0) 
At (2, 3):
(2,1.0) (0,0.0) 
At (0, 4):
(2,1.0) (0,0.0) 
Time: 30.649904251098633
