At (0, 0):
(1,0.091) (1,0.071) (1,0.067) (1,0.062) (1,0.059) 
At (1, 0):
(1,0.143) (1,0.1) (1,0.091) (1,0.083) (1,0.077) (0,0.0) 
At (2, 0):
(1,0.25) (1,0.167) (1,0.125) (2,0.111) (0,0.0) 
At (3, 0):
(1,0.5) (1,0.25) (1,0.2) (2,0.167) (0,0.0) 
At (4, 0):
(1,1.0) (2,0.5) (2,0.333) (0,0.0) 
At (0, 1):
(1,0.167) (1,0.111) (1,0.1) (1,0.091) (1,0.083) (0,0.0) 
At (1, 1):
(1,0.333) (1,0.167) (1,0.143) (1,0.125) (1,0.111) (0,0.0) 
At (2, 1):
(1,1.0) (1,0.333) (1,0.2) (2,0.167) (0,0.0) 
At (3, 1):
(1,0.5) (1,0.333) (2,0.25) (0,0.0) 
At (4, 1):
(2,1.0) (2,0.5) (0,0.0) 
At (0, 2):
(1,0.333) (1,0.25) (1,0.2) (1,0.167) (1,0.143) (0,0.0) 
At (1, 2):
(1,1.0) (1,0.5) (1,0.333) (1,0.25) (1,0.2) (0,0.0) 
At (2, 2):
(1,0.5) (2,0.333) (0,0.0) 
At (3, 2):
(1,1.0) (2,0.5) (0,0.0) 
At (4, 2):
(2,1.0) (0,0.0) 
At (0, 3):
(3,1.0) (2,0.5) (0,0.0) 
At (1, 3):
(2,1.0) (0,0.0) 
Time: 14.216716289520264
