At (0, 0):
(1,0.091) (1,0.083) (2,0.077) (1,0.071) 
At (1, 0):
(1,0.125) (2,0.111) (2,0.1) (0,0.0) 
At (2, 0):
(3,0.167) (2,0.143) (0,0.0) 
At (3, 0):
(5,0.25) (0,0.0) 
At (4, 0):
(5,0.5) (0,0.0) 
At (0, 1):
(1,0.167) (1,0.143) (2,0.125) (1,0.111) (0,0.0) 
At (1, 1):
(1,0.25) (2,0.2) (2,0.167) (0,0.0) 
At (2, 1):
(3,0.333) (2,0.25) (0,0.0) 
At (3, 1):
(5,0.5) (0,0.0) 
At (4, 1):
(5,1.0) (0,0.0) 
At (0, 2):
(1,1.0) (1,0.5) (2,0.333) (1,0.25) (0,0.0) 
At (1, 2):
(2,1.0) (2,0.5) (0,0.0) 
At (2, 2):
(2,1.0) (0,0.0) 
At (0, 3):
(2,1.0) (0,0.0) 
Time: 8.603308916091919
