At (0, 0):
(2,0.1) (2,0.091) (1,0.083) (1,0.071) 
At (1, 0):
(1,0.2) (2,0.167) (2,0.125) (1,0.111) (0,0.0) 
At (2, 0):
(1,1.0) (1,0.5) (1,0.25) (2,0.2) (1,0.167) (0,0.0) 
At (3, 0):
(3,0.333) (1,0.25) (0,0.0) 
At (4, 0):
(1,1.0) (3,0.5) (0,0.0) 
At (5, 0):
(3,1.0) (0,0.0) 
At (0, 1):
(1,0.25) (1,0.2) (2,0.154) (1,0.125) (1,0.111) (0,0.0) 
At (1, 1):
(1,1.0) (3,0.333) (1,0.25) (1,0.2) (0,0.0) 
At (2, 1):
(2,1.0) (2,0.5) (0,0.0) 
At (3, 1):
(2,1.0) (0,0.0) 
At (0, 2):
(1,0.333) (2,0.25) (2,0.2) (0,0.0) 
At (1, 2):
(1,1.0) (3,0.5) (0,0.0) 
At (0, 3):
(3,0.5) (2,0.333) (0,0.0) 
At (1, 3):
(3,1.0) (0,0.0) 
At (0, 4):
(4,1.0) (0,0.0) 
Time: 10.430538177490234
