At (0, 0):
(1,0.059) (1,0.053) (3,0.05) 
At (1, 0):
(1,0.083) (2,0.067) (2,0.062) (0,0.0) 
At (2, 0):
(1,0.125) (1,0.091) (3,0.083) (0,0.0) 
At (3, 0):
(1,0.167) (2,0.125) (2,0.111) (0,0.0) 
At (4, 0):
(2,0.25) (1,0.2) (2,0.167) (0,0.0) 
At (5, 0):
(3,0.5) (2,0.333) (0,0.0) 
At (0, 1):
(1,0.091) (1,0.077) (3,0.071) (0,0.0) 
At (1, 1):
(1,0.143) (2,0.1) (2,0.091) (0,0.0) 
At (2, 1):
(1,0.25) (1,0.143) (3,0.125) (0,0.0) 
At (3, 1):
(1,0.333) (2,0.2) (2,0.167) (0,0.0) 
At (4, 1):
(2,0.5) (1,0.333) (2,0.25) (0,0.0) 
At (5, 1):
(3,1.0) (2,0.5) (0,0.0) 
At (0, 2):
(1,0.2) (1,0.143) (3,0.125) (0,0.0) 
At (1, 2):
(1,0.5) (2,0.2) (2,0.167) (0,0.0) 
At (2, 2):
(1,0.333) (3,0.25) (0,0.0) 
At (3, 2):
(2,0.5) (2,0.333) (0,0.0) 
At (4, 2):
(1,1.0) (2,0.5) (0,0.0) 
At (5, 2):
(2,1.0) (0,0.0) 
At (0, 3):
(1,1.0) (1,0.5) (2,0.333) (1,0.25) (0,0.0) 
At (1, 3):
(3,1.0) (1,0.333) (0,0.0) 
At (2, 3):
(1,0.5) (0,0.0) 
At (3, 3):
(1,1.0) (0,0.0) 
At (0, 4):
(2,1.0) (0,0.0) 
Time: 47.29421019554138
